-1 1 1
2 6 1 6 2 48 2 48 1 6 1
1 10 9 1 9 1 23 1 9 10 9
1 10 10 2 10 2 23 2 10 10 10
2 9 22 9 14 7 14 7 22 9 22
1 13 17 13 24 16 24 16 17 13 17
2 18 24 18 17 21 16 21 9 18 9 18 16 21 17 21 24 18 24
2 28 22 28 14 29 14 29 9 29 14 28 14 28 22
1 25 24 24 7 25 24
2 37 21 37 9 39 9 39 21 37 21
2 41 21 41 9 43 9 43 21 41 21
1 44 36 44 29 47 29 47 36 44 36
1 47 37 47 47 44 47 44 37 47 37
1 29 30 29 46 29 30
1 28 30 28 46 28 30
2 20 44 20 47 6 47 6 44 20 44
1  5 36 10 36 5 36
2 13 39 13 31 17 31 17 39 13 39
2 2 48 1 30 2 48
2 32 46 32 40 35 37 32 34 35 32 33 30 32 46
1 37 33 41 33 37 33
1 37 39 41 39 37 39
1 2 5 6 5 2 5
1 42 24 48 24 42 24
1 42 25 48 25 42 25
2 13 17 13 24 21 24 21 9 18 9 18 17 13 17
1 25 46 24 38 25 30 25 46
1 9 28 21 41 9 28
